,Id,SalePrice
0,1461,163000.0
1,1462,163000.0
2,1463,163000.0
3,1464,163000.0
4,1465,163000.0
5,1466,163000.0
6,1467,163000.0
7,1468,163000.0
8,1469,163000.0
9,1470,163000.0
10,1471,163000.0
11,1472,163000.0
12,1473,163000.0
13,1474,163000.0
14,1475,163000.0
15,1476,163000.0
16,1477,163000.0
17,1478,163000.0
18,1479,163000.0
19,1480,163000.0
20,1481,163000.0
21,1482,163000.0
22,1483,163000.0
23,1484,163000.0
24,1485,163000.0
25,1486,163000.0
26,1487,163000.0
27,1488,163000.0
28,1489,163000.0
29,1490,163000.0
30,1491,163000.0
31,1492,163000.0
32,1493,163000.0
33,1494,163000.0
34,1495,163000.0
35,1496,163000.0
36,1497,163000.0
37,1498,163000.0
38,1499,163000.0
39,1500,163000.0
40,1501,163000.0
41,1502,163000.0
42,1503,163000.0
43,1504,163000.0
44,1505,163000.0
45,1506,163000.0
46,1507,163000.0
47,1508,163000.0
48,1509,163000.0
49,1510,163000.0
50,1511,163000.0
51,1512,163000.0
52,1513,163000.0
53,1514,163000.0
54,1515,163000.0
55,1516,163000.0
56,1517,163000.0
57,1518,163000.0
58,1519,163000.0
59,1520,163000.0
60,1521,163000.0
61,1522,163000.0
62,1523,163000.0
63,1524,163000.0
64,1525,163000.0
65,1526,163000.0
66,1527,163000.0
67,1528,163000.0
68,1529,163000.0
69,1530,163000.0
70,1531,163000.0
71,1532,163000.0
72,1533,163000.0
73,1534,163000.0
74,1535,163000.0
75,1536,163000.0
76,1537,163000.0
77,1538,163000.0
78,1539,163000.0
79,1540,163000.0
80,1541,163000.0
81,1542,163000.0
82,1543,163000.0
83,1544,163000.0
84,1545,163000.0
85,1546,163000.0
86,1547,163000.0
87,1548,163000.0
88,1549,163000.0
89,1550,163000.0
90,1551,163000.0
91,1552,163000.0
92,1553,163000.0
93,1554,163000.0
94,1555,163000.0
95,1556,163000.0
96,1557,163000.0
97,1558,163000.0
98,1559,163000.0
99,1560,163000.0
100,1561,163000.0
101,1562,163000.0
102,1563,163000.0
103,1564,163000.0
104,1565,163000.0
105,1566,163000.0
106,1567,163000.0
107,1568,163000.0
108,1569,163000.0
109,1570,163000.0
110,1571,163000.0
111,1572,163000.0
112,1573,163000.0
113,1574,163000.0
114,1575,163000.0
115,1576,163000.0
116,1577,163000.0
117,1578,163000.0
118,1579,163000.0
119,1580,163000.0
120,1581,163000.0
121,1582,163000.0
122,1583,163000.0
123,1584,163000.0
124,1585,163000.0
125,1586,163000.0
126,1587,163000.0
127,1588,163000.0
128,1589,163000.0
129,1590,163000.0
130,1591,163000.0
131,1592,163000.0
132,1593,163000.0
133,1594,163000.0
134,1595,163000.0
135,1596,163000.0
136,1597,163000.0
137,1598,163000.0
138,1599,163000.0
139,1600,163000.0
140,1601,163000.0
141,1602,163000.0
142,1603,163000.0
143,1604,163000.0
144,1605,163000.0
145,1606,163000.0
146,1607,163000.0
147,1608,163000.0
148,1609,163000.0
149,1610,163000.0
150,1611,163000.0
151,1612,163000.0
152,1613,163000.0
153,1614,163000.0
154,1615,163000.0
155,1616,163000.0
156,1617,163000.0
157,1618,163000.0
158,1619,163000.0
159,1620,163000.0
160,1621,163000.0
161,1622,163000.0
162,1623,163000.0
163,1624,163000.0
164,1625,163000.0
165,1626,163000.0
166,1627,163000.0
167,1628,163000.0
168,1629,163000.0
169,1630,163000.0
170,1631,163000.0
171,1632,163000.0
172,1633,163000.0
173,1634,163000.0
174,1635,163000.0
175,1636,163000.0
176,1637,163000.0
177,1638,163000.0
178,1639,163000.0
179,1640,163000.0
180,1641,163000.0
181,1642,163000.0
182,1643,163000.0
183,1644,163000.0
184,1645,163000.0
185,1646,163000.0
186,1647,163000.0
187,1648,163000.0
188,1649,163000.0
189,1650,163000.0
190,1651,163000.0
191,1652,163000.0
192,1653,163000.0
193,1654,163000.0
194,1655,163000.0
195,1656,163000.0
196,1657,163000.0
197,1658,163000.0
198,1659,163000.0
199,1660,163000.0
200,1661,163000.0
201,1662,163000.0
202,1663,163000.0
203,1664,163000.0
204,1665,163000.0
205,1666,163000.0
206,1667,163000.0
207,1668,163000.0
208,1669,163000.0
209,1670,163000.0
210,1671,163000.0
211,1672,163000.0
212,1673,163000.0
213,1674,163000.0
214,1675,163000.0
215,1676,163000.0
216,1677,163000.0
217,1678,163000.0
218,1679,163000.0
219,1680,163000.0
220,1681,163000.0
221,1682,163000.0
222,1683,163000.0
223,1684,163000.0
224,1685,163000.0
225,1686,163000.0
226,1687,163000.0
227,1688,163000.0
228,1689,163000.0
229,1690,163000.0
230,1691,163000.0
231,1692,163000.0
232,1693,163000.0
233,1694,163000.0
234,1695,163000.0
235,1696,163000.0
236,1697,163000.0
237,1698,163000.0
238,1699,163000.0
239,1700,163000.0
240,1701,163000.0
241,1702,163000.0
242,1703,163000.0
243,1704,163000.0
244,1705,163000.0
245,1706,163000.0
246,1707,163000.0
247,1708,163000.0
248,1709,163000.0
249,1710,163000.0
250,1711,163000.0
251,1712,163000.0
252,1713,163000.0
253,1714,163000.0
254,1715,163000.0
255,1716,163000.0
256,1717,163000.0
257,1718,163000.0
258,1719,163000.0
259,1720,163000.0
260,1721,163000.0
261,1722,163000.0
262,1723,163000.0
263,1724,163000.0
264,1725,163000.0
265,1726,163000.0
266,1727,163000.0
267,1728,163000.0
268,1729,163000.0
269,1730,163000.0
270,1731,163000.0
271,1732,163000.0
272,1733,163000.0
273,1734,163000.0
274,1735,163000.0
275,1736,163000.0
276,1737,163000.0
277,1738,163000.0
278,1739,163000.0
279,1740,163000.0
280,1741,163000.0
281,1742,163000.0
282,1743,163000.0
283,1744,163000.0
284,1745,163000.0
285,1746,163000.0
286,1747,163000.0
287,1748,163000.0
288,1749,163000.0
289,1750,163000.0
290,1751,163000.0
291,1752,163000.0
292,1753,163000.0
293,1754,163000.0
294,1755,163000.0
295,1756,163000.0
296,1757,163000.0
297,1758,163000.0
298,1759,163000.0
299,1760,163000.0
300,1761,163000.0
301,1762,163000.0
302,1763,163000.0
303,1764,163000.0
304,1765,163000.0
305,1766,163000.0
306,1767,163000.0
307,1768,163000.0
308,1769,163000.0
309,1770,163000.0
310,1771,163000.0
311,1772,163000.0
312,1773,163000.0
313,1774,163000.0
314,1775,163000.0
315,1776,163000.0
316,1777,163000.0
317,1778,163000.0
318,1779,163000.0
319,1780,163000.0
320,1781,163000.0
321,1782,163000.0
322,1783,163000.0
323,1784,163000.0
324,1785,163000.0
325,1786,163000.0
326,1787,163000.0
327,1788,163000.0
328,1789,163000.0
329,1790,163000.0
330,1791,163000.0
331,1792,163000.0
332,1793,163000.0
333,1794,163000.0
334,1795,163000.0
335,1796,163000.0
336,1797,163000.0
337,1798,163000.0
338,1799,163000.0
339,1800,163000.0
340,1801,163000.0
341,1802,163000.0
342,1803,163000.0
343,1804,163000.0
344,1805,163000.0
345,1806,163000.0
346,1807,163000.0
347,1808,163000.0
348,1809,163000.0
349,1810,163000.0
350,1811,163000.0
351,1812,163000.0
352,1813,163000.0
353,1814,163000.0
354,1815,163000.0
355,1816,163000.0
356,1817,163000.0
357,1818,163000.0
358,1819,163000.0
359,1820,163000.0
360,1821,163000.0
361,1822,163000.0
362,1823,163000.0
363,1824,163000.0
364,1825,163000.0
365,1826,163000.0
366,1827,163000.0
367,1828,163000.0
368,1829,163000.0
369,1830,163000.0
370,1831,163000.0
371,1832,163000.0
372,1833,163000.0
373,1834,163000.0
374,1835,163000.0
375,1836,163000.0
376,1837,163000.0
377,1838,163000.0
378,1839,163000.0
379,1840,163000.0
380,1841,163000.0
381,1842,163000.0
382,1843,163000.0
383,1844,163000.0
384,1845,163000.0
385,1846,163000.0
386,1847,163000.0
387,1848,163000.0
388,1849,163000.0
389,1850,163000.0
390,1851,163000.0
391,1852,163000.0
392,1853,163000.0
393,1854,163000.0
394,1855,163000.0
395,1856,163000.0
396,1857,163000.0
397,1858,163000.0
398,1859,163000.0
399,1860,163000.0
400,1861,163000.0
401,1862,163000.0
402,1863,163000.0
403,1864,163000.0
404,1865,163000.0
405,1866,163000.0
406,1867,163000.0
407,1868,163000.0
408,1869,163000.0
409,1870,163000.0
410,1871,163000.0
411,1872,163000.0
412,1873,163000.0
413,1874,163000.0
414,1875,163000.0
415,1876,163000.0
416,1877,163000.0
417,1878,163000.0
418,1879,163000.0
419,1880,163000.0
420,1881,163000.0
421,1882,163000.0
422,1883,163000.0
423,1884,163000.0
424,1885,163000.0
425,1886,163000.0
426,1887,163000.0
427,1888,163000.0
428,1889,163000.0
429,1890,163000.0
430,1891,163000.0
431,1892,163000.0
432,1893,163000.0
433,1894,163000.0
434,1895,163000.0
435,1896,163000.0
436,1897,163000.0
437,1898,163000.0
438,1899,163000.0
439,1900,163000.0
440,1901,163000.0
441,1902,163000.0
442,1903,163000.0
443,1904,163000.0
444,1905,163000.0
445,1906,163000.0
446,1907,163000.0
447,1908,163000.0
448,1909,163000.0
449,1910,163000.0
450,1911,163000.0
451,1912,163000.0
452,1913,163000.0
453,1914,163000.0
454,1915,163000.0
455,1916,163000.0
456,1917,163000.0
457,1918,163000.0
458,1919,163000.0
459,1920,163000.0
460,1921,163000.0
461,1922,163000.0
462,1923,163000.0
463,1924,163000.0
464,1925,163000.0
465,1926,163000.0
466,1927,163000.0
467,1928,163000.0
468,1929,163000.0
469,1930,163000.0
470,1931,163000.0
471,1932,163000.0
472,1933,163000.0
473,1934,163000.0
474,1935,163000.0
475,1936,163000.0
476,1937,163000.0
477,1938,163000.0
478,1939,163000.0
479,1940,163000.0
480,1941,163000.0
481,1942,163000.0
482,1943,163000.0
483,1944,163000.0
484,1945,163000.0
485,1946,163000.0
486,1947,163000.0
487,1948,163000.0
488,1949,163000.0
489,1950,163000.0
490,1951,163000.0
491,1952,163000.0
492,1953,163000.0
493,1954,163000.0
494,1955,163000.0
495,1956,163000.0
496,1957,163000.0
497,1958,163000.0
498,1959,163000.0
499,1960,163000.0
500,1961,163000.0
501,1962,163000.0
502,1963,163000.0
503,1964,163000.0
504,1965,163000.0
505,1966,163000.0
506,1967,163000.0
507,1968,163000.0
508,1969,163000.0
509,1970,163000.0
510,1971,163000.0
511,1972,163000.0
512,1973,163000.0
513,1974,163000.0
514,1975,163000.0
515,1976,163000.0
516,1977,163000.0
517,1978,163000.0
518,1979,163000.0
519,1980,163000.0
520,1981,163000.0
521,1982,163000.0
522,1983,163000.0
523,1984,163000.0
524,1985,163000.0
525,1986,163000.0
526,1987,163000.0
527,1988,163000.0
528,1989,163000.0
529,1990,163000.0
530,1991,163000.0
531,1992,163000.0
532,1993,163000.0
533,1994,163000.0
534,1995,163000.0
535,1996,163000.0
536,1997,163000.0
537,1998,163000.0
538,1999,163000.0
539,2000,163000.0
540,2001,163000.0
541,2002,163000.0
542,2003,163000.0
543,2004,163000.0
544,2005,163000.0
545,2006,163000.0
546,2007,163000.0
547,2008,163000.0
548,2009,163000.0
549,2010,163000.0
550,2011,163000.0
551,2012,163000.0
552,2013,163000.0
553,2014,163000.0
554,2015,163000.0
555,2016,163000.0
556,2017,163000.0
557,2018,163000.0
558,2019,163000.0
559,2020,163000.0
560,2021,163000.0
561,2022,163000.0
562,2023,163000.0
563,2024,163000.0
564,2025,163000.0
565,2026,163000.0
566,2027,163000.0
567,2028,163000.0
568,2029,163000.0
569,2030,163000.0
570,2031,163000.0
571,2032,163000.0
572,2033,163000.0
573,2034,163000.0
574,2035,163000.0
575,2036,163000.0
576,2037,163000.0
577,2038,163000.0
578,2039,163000.0
579,2040,163000.0
580,2041,163000.0
581,2042,163000.0
582,2043,163000.0
583,2044,163000.0
584,2045,163000.0
585,2046,163000.0
586,2047,163000.0
587,2048,163000.0
588,2049,163000.0
589,2050,163000.0
590,2051,163000.0
591,2052,163000.0
592,2053,163000.0
593,2054,163000.0
594,2055,163000.0
595,2056,163000.0
596,2057,163000.0
597,2058,163000.0
598,2059,163000.0
599,2060,163000.0
600,2061,163000.0
601,2062,163000.0
602,2063,163000.0
603,2064,163000.0
604,2065,163000.0
605,2066,163000.0
606,2067,163000.0
607,2068,163000.0
608,2069,163000.0
609,2070,163000.0
610,2071,163000.0
611,2072,163000.0
612,2073,163000.0
613,2074,163000.0
614,2075,163000.0
615,2076,163000.0
616,2077,163000.0
617,2078,163000.0
618,2079,163000.0
619,2080,163000.0
620,2081,163000.0
621,2082,163000.0
622,2083,163000.0
623,2084,163000.0
624,2085,163000.0
625,2086,163000.0
626,2087,163000.0
627,2088,163000.0
628,2089,163000.0
629,2090,163000.0
630,2091,163000.0
631,2092,163000.0
632,2093,163000.0
633,2094,163000.0
634,2095,163000.0
635,2096,163000.0
636,2097,163000.0
637,2098,163000.0
638,2099,163000.0
639,2100,163000.0
640,2101,163000.0
641,2102,163000.0
642,2103,163000.0
643,2104,163000.0
644,2105,163000.0
645,2106,163000.0
646,2107,163000.0
647,2108,163000.0
648,2109,163000.0
649,2110,163000.0
650,2111,163000.0
651,2112,163000.0
652,2113,163000.0
653,2114,163000.0
654,2115,163000.0
655,2116,163000.0
656,2117,163000.0
657,2118,163000.0
658,2119,163000.0
659,2120,163000.0
660,2121,163000.0
661,2122,163000.0
662,2123,163000.0
663,2124,163000.0
664,2125,163000.0
665,2126,163000.0
666,2127,163000.0
667,2128,163000.0
668,2129,163000.0
669,2130,163000.0
670,2131,163000.0
671,2132,163000.0
672,2133,163000.0
673,2134,163000.0
674,2135,163000.0
675,2136,163000.0
676,2137,163000.0
677,2138,163000.0
678,2139,163000.0
679,2140,163000.0
680,2141,163000.0
681,2142,163000.0
682,2143,163000.0
683,2144,163000.0
684,2145,163000.0
685,2146,163000.0
686,2147,163000.0
687,2148,163000.0
688,2149,163000.0
689,2150,163000.0
690,2151,163000.0
691,2152,163000.0
692,2153,163000.0
693,2154,163000.0
694,2155,163000.0
695,2156,163000.0
696,2157,163000.0
697,2158,163000.0
698,2159,163000.0
699,2160,163000.0
700,2161,163000.0
701,2162,163000.0
702,2163,163000.0
703,2164,163000.0
704,2165,163000.0
705,2166,163000.0
706,2167,163000.0
707,2168,163000.0
708,2169,163000.0
709,2170,163000.0
710,2171,163000.0
711,2172,163000.0
712,2173,163000.0
713,2174,163000.0
714,2175,163000.0
715,2176,163000.0
716,2177,163000.0
717,2178,163000.0
718,2179,163000.0
719,2180,163000.0
720,2181,163000.0
721,2182,163000.0
722,2183,163000.0
723,2184,163000.0
724,2185,163000.0
725,2186,163000.0
726,2187,163000.0
727,2188,163000.0
728,2189,163000.0
729,2190,163000.0
730,2191,163000.0
731,2192,163000.0
732,2193,163000.0
733,2194,163000.0
734,2195,163000.0
735,2196,163000.0
736,2197,163000.0
737,2198,163000.0
738,2199,163000.0
739,2200,163000.0
740,2201,163000.0
741,2202,163000.0
742,2203,163000.0
743,2204,163000.0
744,2205,163000.0
745,2206,163000.0
746,2207,163000.0
747,2208,163000.0
748,2209,163000.0
749,2210,163000.0
750,2211,163000.0
751,2212,163000.0
752,2213,163000.0
753,2214,163000.0
754,2215,163000.0
755,2216,163000.0
756,2217,163000.0
757,2218,163000.0
758,2219,163000.0
759,2220,163000.0
760,2221,163000.0
761,2222,163000.0
762,2223,163000.0
763,2224,163000.0
764,2225,163000.0
765,2226,163000.0
766,2227,163000.0
767,2228,163000.0
768,2229,163000.0
769,2230,163000.0
770,2231,163000.0
771,2232,163000.0
772,2233,163000.0
773,2234,163000.0
774,2235,163000.0
775,2236,163000.0
776,2237,163000.0
777,2238,163000.0
778,2239,163000.0
779,2240,163000.0
780,2241,163000.0
781,2242,163000.0
782,2243,163000.0
783,2244,163000.0
784,2245,163000.0
785,2246,163000.0
786,2247,163000.0
787,2248,163000.0
788,2249,163000.0
789,2250,163000.0
790,2251,163000.0
791,2252,163000.0
792,2253,163000.0
793,2254,163000.0
794,2255,163000.0
795,2256,163000.0
796,2257,163000.0
797,2258,163000.0
798,2259,163000.0
799,2260,163000.0
800,2261,163000.0
801,2262,163000.0
802,2263,163000.0
803,2264,163000.0
804,2265,163000.0
805,2266,163000.0
806,2267,163000.0
807,2268,163000.0
808,2269,163000.0
809,2270,163000.0
810,2271,163000.0
811,2272,163000.0
812,2273,163000.0
813,2274,163000.0
814,2275,163000.0
815,2276,163000.0
816,2277,163000.0
817,2278,163000.0
818,2279,163000.0
819,2280,163000.0
820,2281,163000.0
821,2282,163000.0
822,2283,163000.0
823,2284,163000.0
824,2285,163000.0
825,2286,163000.0
826,2287,163000.0
827,2288,163000.0
828,2289,163000.0
829,2290,163000.0
830,2291,163000.0
831,2292,163000.0
832,2293,163000.0
833,2294,163000.0
834,2295,163000.0
835,2296,163000.0
836,2297,163000.0
837,2298,163000.0
838,2299,163000.0
839,2300,163000.0
840,2301,163000.0
841,2302,163000.0
842,2303,163000.0
843,2304,163000.0
844,2305,163000.0
845,2306,163000.0
846,2307,163000.0
847,2308,163000.0
848,2309,163000.0
849,2310,163000.0
850,2311,163000.0
851,2312,163000.0
852,2313,163000.0
853,2314,163000.0
854,2315,163000.0
855,2316,163000.0
856,2317,163000.0
857,2318,163000.0
858,2319,163000.0
859,2320,163000.0
860,2321,163000.0
861,2322,163000.0
862,2323,163000.0
863,2324,163000.0
864,2325,163000.0
865,2326,163000.0
866,2327,163000.0
867,2328,163000.0
868,2329,163000.0
869,2330,163000.0
870,2331,163000.0
871,2332,163000.0
872,2333,163000.0
873,2334,163000.0
874,2335,163000.0
875,2336,163000.0
876,2337,163000.0
877,2338,163000.0
878,2339,163000.0
879,2340,163000.0
880,2341,163000.0
881,2342,163000.0
882,2343,163000.0
883,2344,163000.0
884,2345,163000.0
885,2346,163000.0
886,2347,163000.0
887,2348,163000.0
888,2349,163000.0
889,2350,163000.0
890,2351,163000.0
891,2352,163000.0
892,2353,163000.0
893,2354,163000.0
894,2355,163000.0
895,2356,163000.0
896,2357,163000.0
897,2358,163000.0
898,2359,163000.0
899,2360,163000.0
900,2361,163000.0
901,2362,163000.0
902,2363,163000.0
903,2364,163000.0
904,2365,163000.0
905,2366,163000.0
906,2367,163000.0
907,2368,163000.0
908,2369,163000.0
909,2370,163000.0
910,2371,163000.0
911,2372,163000.0
912,2373,163000.0
913,2374,163000.0
914,2375,163000.0
915,2376,163000.0
916,2377,163000.0
917,2378,163000.0
918,2379,163000.0
919,2380,163000.0
920,2381,163000.0
921,2382,163000.0
922,2383,163000.0
923,2384,163000.0
924,2385,163000.0
925,2386,163000.0
926,2387,163000.0
927,2388,163000.0
928,2389,163000.0
929,2390,163000.0
930,2391,163000.0
931,2392,163000.0
932,2393,163000.0
933,2394,163000.0
934,2395,163000.0
935,2396,163000.0
936,2397,163000.0
937,2398,163000.0
938,2399,163000.0
939,2400,163000.0
940,2401,163000.0
941,2402,163000.0
942,2403,163000.0
943,2404,163000.0
944,2405,163000.0
945,2406,163000.0
946,2407,163000.0
947,2408,163000.0
948,2409,163000.0
949,2410,163000.0
950,2411,163000.0
951,2412,163000.0
952,2413,163000.0
953,2414,163000.0
954,2415,163000.0
955,2416,163000.0
956,2417,163000.0
957,2418,163000.0
958,2419,163000.0
959,2420,163000.0
960,2421,163000.0
961,2422,163000.0
962,2423,163000.0
963,2424,163000.0
964,2425,163000.0
965,2426,163000.0
966,2427,163000.0
967,2428,163000.0
968,2429,163000.0
969,2430,163000.0
970,2431,163000.0
971,2432,163000.0
972,2433,163000.0
973,2434,163000.0
974,2435,163000.0
975,2436,163000.0
976,2437,163000.0
977,2438,163000.0
978,2439,163000.0
979,2440,163000.0
980,2441,163000.0
981,2442,163000.0
982,2443,163000.0
983,2444,163000.0
984,2445,163000.0
985,2446,163000.0
986,2447,163000.0
987,2448,163000.0
988,2449,163000.0
989,2450,163000.0
990,2451,163000.0
991,2452,163000.0
992,2453,163000.0
993,2454,163000.0
994,2455,163000.0
995,2456,163000.0
996,2457,163000.0
997,2458,163000.0
998,2459,163000.0
999,2460,163000.0
1000,2461,163000.0
1001,2462,163000.0
1002,2463,163000.0
1003,2464,163000.0
1004,2465,163000.0
1005,2466,163000.0
1006,2467,163000.0
1007,2468,163000.0
1008,2469,163000.0
1009,2470,163000.0
1010,2471,163000.0
1011,2472,163000.0
1012,2473,163000.0
1013,2474,163000.0
1014,2475,163000.0
1015,2476,163000.0
1016,2477,163000.0
1017,2478,163000.0
1018,2479,163000.0
1019,2480,163000.0
1020,2481,163000.0
1021,2482,163000.0
1022,2483,163000.0
1023,2484,163000.0
1024,2485,163000.0
1025,2486,163000.0
1026,2487,163000.0
1027,2488,163000.0
1028,2489,163000.0
1029,2490,163000.0
1030,2491,163000.0
1031,2492,163000.0
1032,2493,163000.0
1033,2494,163000.0
1034,2495,163000.0
1035,2496,163000.0
1036,2497,163000.0
1037,2498,163000.0
1038,2499,163000.0
1039,2500,163000.0
1040,2501,163000.0
1041,2502,163000.0
1042,2503,163000.0
1043,2504,163000.0
1044,2505,163000.0
1045,2506,163000.0
1046,2507,163000.0
1047,2508,163000.0
1048,2509,163000.0
1049,2510,163000.0
1050,2511,163000.0
1051,2512,163000.0
1052,2513,163000.0
1053,2514,163000.0
1054,2515,163000.0
1055,2516,163000.0
1056,2517,163000.0
1057,2518,163000.0
1058,2519,163000.0
1059,2520,163000.0
1060,2521,163000.0
1061,2522,163000.0
1062,2523,163000.0
1063,2524,163000.0
1064,2525,163000.0
1065,2526,163000.0
1066,2527,163000.0
1067,2528,163000.0
1068,2529,163000.0
1069,2530,163000.0
1070,2531,163000.0
1071,2532,163000.0
1072,2533,163000.0
1073,2534,163000.0
1074,2535,163000.0
1075,2536,163000.0
1076,2537,163000.0
1077,2538,163000.0
1078,2539,163000.0
1079,2540,163000.0
1080,2541,163000.0
1081,2542,163000.0
1082,2543,163000.0
1083,2544,163000.0
1084,2545,163000.0
1085,2546,163000.0
1086,2547,163000.0
1087,2548,163000.0
1088,2549,163000.0
1089,2550,163000.0
1090,2551,163000.0
1091,2552,163000.0
1092,2553,163000.0
1093,2554,163000.0
1094,2555,163000.0
1095,2556,163000.0
1096,2557,163000.0
1097,2558,163000.0
1098,2559,163000.0
1099,2560,163000.0
1100,2561,163000.0
1101,2562,163000.0
1102,2563,163000.0
1103,2564,163000.0
1104,2565,163000.0
1105,2566,163000.0
1106,2567,163000.0
1107,2568,163000.0
1108,2569,163000.0
1109,2570,163000.0
1110,2571,163000.0
1111,2572,163000.0
1112,2573,163000.0
1113,2574,163000.0
1114,2575,163000.0
1115,2576,163000.0
1116,2577,163000.0
1117,2578,163000.0
1118,2579,163000.0
1119,2580,163000.0
1120,2581,163000.0
1121,2582,163000.0
1122,2583,163000.0
1123,2584,163000.0
1124,2585,163000.0
1125,2586,163000.0
1126,2587,163000.0
1127,2588,163000.0
1128,2589,163000.0
1129,2590,163000.0
1130,2591,163000.0
1131,2592,163000.0
1132,2593,163000.0
1133,2594,163000.0
1134,2595,163000.0
1135,2596,163000.0
1136,2597,163000.0
1137,2598,163000.0
1138,2599,163000.0
1139,2600,163000.0
1140,2601,163000.0
1141,2602,163000.0
1142,2603,163000.0
1143,2604,163000.0
1144,2605,163000.0
1145,2606,163000.0
1146,2607,163000.0
1147,2608,163000.0
1148,2609,163000.0
1149,2610,163000.0
1150,2611,163000.0
1151,2612,163000.0
1152,2613,163000.0
1153,2614,163000.0
1154,2615,163000.0
1155,2616,163000.0
1156,2617,163000.0
1157,2618,163000.0
1158,2619,163000.0
1159,2620,163000.0
1160,2621,163000.0
1161,2622,163000.0
1162,2623,163000.0
1163,2624,163000.0
1164,2625,163000.0
1165,2626,163000.0
1166,2627,163000.0
1167,2628,163000.0
1168,2629,163000.0
1169,2630,163000.0
1170,2631,163000.0
1171,2632,163000.0
1172,2633,163000.0
1173,2634,163000.0
1174,2635,163000.0
1175,2636,163000.0
1176,2637,163000.0
1177,2638,163000.0
1178,2639,163000.0
1179,2640,163000.0
1180,2641,163000.0
1181,2642,163000.0
1182,2643,163000.0
1183,2644,163000.0
1184,2645,163000.0
1185,2646,163000.0
1186,2647,163000.0
1187,2648,163000.0
1188,2649,163000.0
1189,2650,163000.0
1190,2651,163000.0
1191,2652,163000.0
1192,2653,163000.0
1193,2654,163000.0
1194,2655,163000.0
1195,2656,163000.0
1196,2657,163000.0
1197,2658,163000.0
1198,2659,163000.0
1199,2660,163000.0
1200,2661,163000.0
1201,2662,163000.0
1202,2663,163000.0
1203,2664,163000.0
1204,2665,163000.0
1205,2666,163000.0
1206,2667,163000.0
1207,2668,163000.0
1208,2669,163000.0
1209,2670,163000.0
1210,2671,163000.0
1211,2672,163000.0
1212,2673,163000.0
1213,2674,163000.0
1214,2675,163000.0
1215,2676,163000.0
1216,2677,163000.0
1217,2678,163000.0
1218,2679,163000.0
1219,2680,163000.0
1220,2681,163000.0
1221,2682,163000.0
1222,2683,163000.0
1223,2684,163000.0
1224,2685,163000.0
1225,2686,163000.0
1226,2687,163000.0
1227,2688,163000.0
1228,2689,163000.0
1229,2690,163000.0
1230,2691,163000.0
1231,2692,163000.0
1232,2693,163000.0
1233,2694,163000.0
1234,2695,163000.0
1235,2696,163000.0
1236,2697,163000.0
1237,2698,163000.0
1238,2699,163000.0
1239,2700,163000.0
1240,2701,163000.0
1241,2702,163000.0
1242,2703,163000.0
1243,2704,163000.0
1244,2705,163000.0
1245,2706,163000.0
1246,2707,163000.0
1247,2708,163000.0
1248,2709,163000.0
1249,2710,163000.0
1250,2711,163000.0
1251,2712,163000.0
1252,2713,163000.0
1253,2714,163000.0
1254,2715,163000.0
1255,2716,163000.0
1256,2717,163000.0
1257,2718,163000.0
1258,2719,163000.0
1259,2720,163000.0
1260,2721,163000.0
1261,2722,163000.0
1262,2723,163000.0
1263,2724,163000.0
1264,2725,163000.0
1265,2726,163000.0
1266,2727,163000.0
1267,2728,163000.0
1268,2729,163000.0
1269,2730,163000.0
1270,2731,163000.0
1271,2732,163000.0
1272,2733,163000.0
1273,2734,163000.0
1274,2735,163000.0
1275,2736,163000.0
1276,2737,163000.0
1277,2738,163000.0
1278,2739,163000.0
1279,2740,163000.0
1280,2741,163000.0
1281,2742,163000.0
1282,2743,163000.0
1283,2744,163000.0
1284,2745,163000.0
1285,2746,163000.0
1286,2747,163000.0
1287,2748,163000.0
1288,2749,163000.0
1289,2750,163000.0
1290,2751,163000.0
1291,2752,163000.0
1292,2753,163000.0
1293,2754,163000.0
1294,2755,163000.0
1295,2756,163000.0
1296,2757,163000.0
1297,2758,163000.0
1298,2759,163000.0
1299,2760,163000.0
1300,2761,163000.0
1301,2762,163000.0
1302,2763,163000.0
1303,2764,163000.0
1304,2765,163000.0
1305,2766,163000.0
1306,2767,163000.0
1307,2768,163000.0
1308,2769,163000.0
1309,2770,163000.0
1310,2771,163000.0
1311,2772,163000.0
1312,2773,163000.0
1313,2774,163000.0
1314,2775,163000.0
1315,2776,163000.0
1316,2777,163000.0
1317,2778,163000.0
1318,2779,163000.0
1319,2780,163000.0
1320,2781,163000.0
1321,2782,163000.0
1322,2783,163000.0
1323,2784,163000.0
1324,2785,163000.0
1325,2786,163000.0
1326,2787,163000.0
1327,2788,163000.0
1328,2789,163000.0
1329,2790,163000.0
1330,2791,163000.0
1331,2792,163000.0
1332,2793,163000.0
1333,2794,163000.0
1334,2795,163000.0
1335,2796,163000.0
1336,2797,163000.0
1337,2798,163000.0
1338,2799,163000.0
1339,2800,163000.0
1340,2801,163000.0
1341,2802,163000.0
1342,2803,163000.0
1343,2804,163000.0
1344,2805,163000.0
1345,2806,163000.0
1346,2807,163000.0
1347,2808,163000.0
1348,2809,163000.0
1349,2810,163000.0
1350,2811,163000.0
1351,2812,163000.0
1352,2813,163000.0
1353,2814,163000.0
1354,2815,163000.0
1355,2816,163000.0
1356,2817,163000.0
1357,2818,163000.0
1358,2819,163000.0
1359,2820,163000.0
1360,2821,163000.0
1361,2822,163000.0
1362,2823,163000.0
1363,2824,163000.0
1364,2825,163000.0
1365,2826,163000.0
1366,2827,163000.0
1367,2828,163000.0
1368,2829,163000.0
1369,2830,163000.0
1370,2831,163000.0
1371,2832,163000.0
1372,2833,163000.0
1373,2834,163000.0
1374,2835,163000.0
1375,2836,163000.0
1376,2837,163000.0
1377,2838,163000.0
1378,2839,163000.0
1379,2840,163000.0
1380,2841,163000.0
1381,2842,163000.0
1382,2843,163000.0
1383,2844,163000.0
1384,2845,163000.0
1385,2846,163000.0
1386,2847,163000.0
1387,2848,163000.0
1388,2849,163000.0
1389,2850,163000.0
1390,2851,163000.0
1391,2852,163000.0
1392,2853,163000.0
1393,2854,163000.0
1394,2855,163000.0
1395,2856,163000.0
1396,2857,163000.0
1397,2858,163000.0
1398,2859,163000.0
1399,2860,163000.0
1400,2861,163000.0
1401,2862,163000.0
1402,2863,163000.0
1403,2864,163000.0
1404,2865,163000.0
1405,2866,163000.0
1406,2867,163000.0
1407,2868,163000.0
1408,2869,163000.0
1409,2870,163000.0
1410,2871,163000.0
1411,2872,163000.0
1412,2873,163000.0
1413,2874,163000.0
1414,2875,163000.0
1415,2876,163000.0
1416,2877,163000.0
1417,2878,163000.0
1418,2879,163000.0
1419,2880,163000.0
1420,2881,163000.0
1421,2882,163000.0
1422,2883,163000.0
1423,2884,163000.0
1424,2885,163000.0
1425,2886,163000.0
1426,2887,163000.0
1427,2888,163000.0
1428,2889,163000.0
1429,2890,163000.0
1430,2891,163000.0
1431,2892,163000.0
1432,2893,163000.0
1433,2894,163000.0
1434,2895,163000.0
1435,2896,163000.0
1436,2897,163000.0
1437,2898,163000.0
1438,2899,163000.0
1439,2900,163000.0
1440,2901,163000.0
1441,2902,163000.0
1442,2903,163000.0
1443,2904,163000.0
1444,2905,163000.0
1445,2906,163000.0
1446,2907,163000.0
1447,2908,163000.0
1448,2909,163000.0
1449,2910,163000.0
1450,2911,163000.0
1451,2912,163000.0
1452,2913,163000.0
1453,2914,163000.0
1454,2915,163000.0
1455,2916,163000.0
1456,2917,163000.0
1457,2918,163000.0
1458,2919,163000.0
